1,1,1,1,1,1,1,1,1,1,1,1,1,1,1,1,1,1,1,1
1.43844988828766,1.43844988828766,1.43844988828766,1.43844988828766,1.43844988828766,1.43844988828766,1.43844988828766,1.43844988828766,1.43844988828766,1.43844988828766,1.43844988828766,1.43844988828766,1.43844988828766,1.43844988828766,1.43844988828766,1.43844988828766,1.43844988828766,1.43844988828766,1.43844988828766,1.43844988828766
2.06913808111479,2.06913808111479,2.06913808111479,2.06913808111479,2.06913808111479,2.06913808111479,2.06913808111479,2.06913808111479,2.06913808111479,2.06913808111479,2.06913808111479,2.06913808111479,2.06913808111479,2.06913808111479,2.06913808111479,2.06913808111479,2.06913808111479,2.06913808111479,2.06913808111479,2.06913808111479
2.97635144163132,2.97635144163132,2.97635144163132,2.97635144163132,2.97635144163132,2.97635144163132,2.97635144163132,2.97635144163132,2.97635144163132,2.97635144163132,2.97635144163132,2.97635144163132,2.97635144163132,2.97635144163132,2.97635144163132,2.97635144163132,2.97635144163132,2.97635144163132,2.97635144163132,2.97635144163132
4.28133239871939,4.28133239871939,4.28133239871939,4.28133239871939,4.28133239871939,4.28133239871939,4.28133239871939,4.28133239871939,4.28133239871939,4.28133239871939,4.28133239871939,4.28133239871939,4.28133239871939,4.28133239871939,4.28133239871939,4.28133239871939,4.28133239871939,4.28133239871939,4.28133239871939,4.28133239871939
6.15848211066026,6.15848211066026,6.15848211066026,6.15848211066026,6.15848211066026,6.15848211066026,6.15848211066026,6.15848211066026,6.15848211066026,6.15848211066026,6.15848211066026,6.15848211066026,6.15848211066026,6.15848211066026,6.15848211066026,6.15848211066026,6.15848211066026,6.15848211066026,6.15848211066026,6.15848211066026
8.85866790410082,8.85866790410082,8.85866790410082,8.85866790410082,8.85866790410082,8.85866790410082,8.85866790410082,8.85866790410082,8.85866790410082,8.85866790410082,8.85866790410082,8.85866790410082,8.85866790410082,8.85866790410082,8.85866790410082,8.85866790410082,8.85866790410082,8.85866790410082,8.85866790410082,8.85866790410082
12.7427498570313,12.7427498570313,12.7427498570313,12.7427498570313,12.7427498570313,12.7427498570313,12.7427498570313,12.7427498570313,12.7427498570313,12.7427498570313,12.7427498570313,12.7427498570313,12.7427498570313,12.7427498570313,12.7427498570313,12.7427498570313,12.7427498570313,12.7427498570313,12.7427498570313,12.7427498570313
18.3298071083244,18.3298071083244,18.3298071083244,18.3298071083244,18.3298071083244,18.3298071083244,18.3298071083244,18.3298071083244,18.3298071083244,18.3298071083244,18.3298071083244,18.3298071083244,18.3298071083244,18.3298071083244,18.3298071083244,18.3298071083244,18.3298071083244,18.3298071083244,18.3298071083244,18.3298071083244
26.3665089873036,26.3665089873036,26.3665089873036,26.3665089873036,26.3665089873036,26.3665089873036,26.3665089873036,26.3665089873036,26.3665089873036,26.3665089873036,26.3665089873036,26.3665089873036,26.3665089873036,26.3665089873036,26.3665089873036,26.3665089873036,26.3665089873036,26.3665089873036,26.3665089873036,26.3665089873036
37.9269019073225,37.9269019073225,37.9269019073225,37.9269019073225,37.9269019073225,37.9269019073225,37.9269019073225,37.9269019073225,37.9269019073225,37.9269019073225,37.9269019073225,37.9269019073225,37.9269019073225,37.9269019073225,37.9269019073225,37.9269019073225,37.9269019073225,37.9269019073225,37.9269019073225,37.9269019073225
54.5559478116852,54.5559478116852,54.5559478116852,54.5559478116852,54.5559478116852,54.5559478116852,54.5559478116852,54.5559478116852,54.5559478116852,54.5559478116852,54.5559478116852,54.5559478116852,54.5559478116852,54.5559478116852,54.5559478116852,54.5559478116852,54.5559478116852,54.5559478116852,54.5559478116852,54.5559478116852
78.4759970351461,78.4759970351461,78.4759970351461,78.4759970351461,78.4759970351461,78.4759970351461,78.4759970351461,78.4759970351461,78.4759970351461,78.4759970351461,78.4759970351461,78.4759970351461,78.4759970351461,78.4759970351461,78.4759970351461,78.4759970351461,78.4759970351461,78.4759970351461,78.4759970351461,78.4759970351461
112.883789168469,112.883789168469,112.883789168469,112.883789168469,112.883789168469,112.883789168469,112.883789168469,112.883789168469,112.883789168469,112.883789168469,112.883789168469,112.883789168469,112.883789168469,112.883789168469,112.883789168469,112.883789168469,112.883789168469,112.883789168469,112.883789168469,112.883789168469
162.377673918872,162.377673918872,162.377673918872,162.377673918872,162.377673918872,162.377673918872,162.377673918872,162.377673918872,162.377673918872,162.377673918872,162.377673918872,162.377673918872,162.377673918872,162.377673918872,162.377673918872,162.377673918872,162.377673918872,162.377673918872,162.377673918872,162.377673918872
233.572146909012,233.572146909012,233.572146909012,233.572146909012,233.572146909012,233.572146909012,233.572146909012,233.572146909012,233.572146909012,233.572146909012,233.572146909012,233.572146909012,233.572146909012,233.572146909012,233.572146909012,233.572146909012,233.572146909012,233.572146909012,233.572146909012,233.572146909012
335.981828628378,335.981828628378,335.981828628378,335.981828628378,335.981828628378,335.981828628378,335.981828628378,335.981828628378,335.981828628378,335.981828628378,335.981828628378,335.981828628378,335.981828628378,335.981828628378,335.981828628378,335.981828628378,335.981828628378,335.981828628378,335.981828628378,335.981828628378
483.293023857175,483.293023857175,483.293023857175,483.293023857175,483.293023857175,483.293023857175,483.293023857175,483.293023857175,483.293023857175,483.293023857175,483.293023857175,483.293023857175,483.293023857175,483.293023857175,483.293023857175,483.293023857175,483.293023857175,483.293023857175,483.293023857175,483.293023857175
695.19279617756,695.19279617756,695.19279617756,695.19279617756,695.19279617756,695.19279617756,695.19279617756,695.19279617756,695.19279617756,695.19279617756,695.19279617756,695.19279617756,695.19279617756,695.19279617756,695.19279617756,695.19279617756,695.19279617756,695.19279617756,695.19279617756,695.19279617756
1000,1000,1000,1000,1000,1000,1000,1000,1000,1000,1000,1000,1000,1000,1000,1000,1000,1000,1000,1000
