1,1,1,1,1,1,1,1,1,1,1,1,1,1,1,1,1,1,1,1
1.27427498570313,1.27427498570313,1.27427498570313,1.27427498570313,1.27427498570313,1.27427498570313,1.27427498570313,1.27427498570313,1.27427498570313,1.27427498570313,1.27427498570313,1.27427498570313,1.27427498570313,1.27427498570313,1.27427498570313,1.27427498570313,1.27427498570313,1.27427498570313,1.27427498570313,1.27427498570313
1.62377673918872,1.62377673918872,1.62377673918872,1.62377673918872,1.62377673918872,1.62377673918872,1.62377673918872,1.62377673918872,1.62377673918872,1.62377673918872,1.62377673918872,1.62377673918872,1.62377673918872,1.62377673918872,1.62377673918872,1.62377673918872,1.62377673918872,1.62377673918872,1.62377673918872,1.62377673918872
2.06913808111479,2.06913808111479,2.06913808111479,2.06913808111479,2.06913808111479,2.06913808111479,2.06913808111479,2.06913808111479,2.06913808111479,2.06913808111479,2.06913808111479,2.06913808111479,2.06913808111479,2.06913808111479,2.06913808111479,2.06913808111479,2.06913808111479,2.06913808111479,2.06913808111479,2.06913808111479
2.63665089873036,2.63665089873036,2.63665089873036,2.63665089873036,2.63665089873036,2.63665089873036,2.63665089873036,2.63665089873036,2.63665089873036,2.63665089873036,2.63665089873036,2.63665089873036,2.63665089873036,2.63665089873036,2.63665089873036,2.63665089873036,2.63665089873036,2.63665089873036,2.63665089873036,2.63665089873036
3.35981828628378,3.35981828628378,3.35981828628378,3.35981828628378,3.35981828628378,3.35981828628378,3.35981828628378,3.35981828628378,3.35981828628378,3.35981828628378,3.35981828628378,3.35981828628378,3.35981828628378,3.35981828628378,3.35981828628378,3.35981828628378,3.35981828628378,3.35981828628378,3.35981828628378,3.35981828628378
4.28133239871939,4.28133239871939,4.28133239871939,4.28133239871939,4.28133239871939,4.28133239871939,4.28133239871939,4.28133239871939,4.28133239871939,4.28133239871939,4.28133239871939,4.28133239871939,4.28133239871939,4.28133239871939,4.28133239871939,4.28133239871939,4.28133239871939,4.28133239871939,4.28133239871939,4.28133239871939
5.45559478116852,5.45559478116852,5.45559478116852,5.45559478116852,5.45559478116852,5.45559478116852,5.45559478116852,5.45559478116852,5.45559478116852,5.45559478116852,5.45559478116852,5.45559478116852,5.45559478116852,5.45559478116852,5.45559478116852,5.45559478116852,5.45559478116852,5.45559478116852,5.45559478116852,5.45559478116852
6.95192796177561,6.95192796177561,6.95192796177561,6.95192796177561,6.95192796177561,6.95192796177561,6.95192796177561,6.95192796177561,6.95192796177561,6.95192796177561,6.95192796177561,6.95192796177561,6.95192796177561,6.95192796177561,6.95192796177561,6.95192796177561,6.95192796177561,6.95192796177561,6.95192796177561,6.95192796177561
8.85866790410082,8.85866790410082,8.85866790410082,8.85866790410082,8.85866790410082,8.85866790410082,8.85866790410082,8.85866790410082,8.85866790410082,8.85866790410082,8.85866790410082,8.85866790410082,8.85866790410082,8.85866790410082,8.85866790410082,8.85866790410082,8.85866790410082,8.85866790410082,8.85866790410082,8.85866790410082
11.2883789168469,11.2883789168469,11.2883789168469,11.2883789168469,11.2883789168469,11.2883789168469,11.2883789168469,11.2883789168469,11.2883789168469,11.2883789168469,11.2883789168469,11.2883789168469,11.2883789168469,11.2883789168469,11.2883789168469,11.2883789168469,11.2883789168469,11.2883789168469,11.2883789168469,11.2883789168469
14.3844988828766,14.3844988828766,14.3844988828766,14.3844988828766,14.3844988828766,14.3844988828766,14.3844988828766,14.3844988828766,14.3844988828766,14.3844988828766,14.3844988828766,14.3844988828766,14.3844988828766,14.3844988828766,14.3844988828766,14.3844988828766,14.3844988828766,14.3844988828766,14.3844988828766,14.3844988828766
18.3298071083244,18.3298071083244,18.3298071083244,18.3298071083244,18.3298071083244,18.3298071083244,18.3298071083244,18.3298071083244,18.3298071083244,18.3298071083244,18.3298071083244,18.3298071083244,18.3298071083244,18.3298071083244,18.3298071083244,18.3298071083244,18.3298071083244,18.3298071083244,18.3298071083244,18.3298071083244
23.3572146909012,23.3572146909012,23.3572146909012,23.3572146909012,23.3572146909012,23.3572146909012,23.3572146909012,23.3572146909012,23.3572146909012,23.3572146909012,23.3572146909012,23.3572146909012,23.3572146909012,23.3572146909012,23.3572146909012,23.3572146909012,23.3572146909012,23.3572146909012,23.3572146909012,23.3572146909012
29.7635144163132,29.7635144163132,29.7635144163132,29.7635144163132,29.7635144163132,29.7635144163132,29.7635144163132,29.7635144163132,29.7635144163132,29.7635144163132,29.7635144163132,29.7635144163132,29.7635144163132,29.7635144163132,29.7635144163132,29.7635144163132,29.7635144163132,29.7635144163132,29.7635144163132,29.7635144163132
37.9269019073225,37.9269019073225,37.9269019073225,37.9269019073225,37.9269019073225,37.9269019073225,37.9269019073225,37.9269019073225,37.9269019073225,37.9269019073225,37.9269019073225,37.9269019073225,37.9269019073225,37.9269019073225,37.9269019073225,37.9269019073225,37.9269019073225,37.9269019073225,37.9269019073225,37.9269019073225
48.3293023857175,48.3293023857175,48.3293023857175,48.3293023857175,48.3293023857175,48.3293023857175,48.3293023857175,48.3293023857175,48.3293023857175,48.3293023857175,48.3293023857175,48.3293023857175,48.3293023857175,48.3293023857175,48.3293023857175,48.3293023857175,48.3293023857175,48.3293023857175,48.3293023857175,48.3293023857175
61.5848211066026,61.5848211066026,61.5848211066026,61.5848211066026,61.5848211066026,61.5848211066026,61.5848211066026,61.5848211066026,61.5848211066026,61.5848211066026,61.5848211066026,61.5848211066026,61.5848211066026,61.5848211066026,61.5848211066026,61.5848211066026,61.5848211066026,61.5848211066026,61.5848211066026,61.5848211066026
78.4759970351461,78.4759970351461,78.4759970351461,78.4759970351461,78.4759970351461,78.4759970351461,78.4759970351461,78.4759970351461,78.4759970351461,78.4759970351461,78.4759970351461,78.4759970351461,78.4759970351461,78.4759970351461,78.4759970351461,78.4759970351461,78.4759970351461,78.4759970351461,78.4759970351461,78.4759970351461
100,100,100,100,100,100,100,100,100,100,100,100,100,100,100,100,100,100,100,100
