33.7949829101562,36.0275573730469,38.2870483398438,40.287467956543,42.0198440551758,43.4766998291016,44.6490631103516,45.5253448486328,46.0909652709961,46.3272323608398,46.2087249755859,45.7021713256836,44.7604675292969,43.3166961669922,41.2826309204102,38.5816345214844,35.3393173217773,32.0345687866211,28.8707580566406,25.3297424316406
35.3677291870117,37.7102127075195,40.0852203369141,42.1933059692383,44.0254974365234,45.575065612793,46.8322906494141,47.7867050170898,48.4241027832031,48.7261657714844,48.6693420410156,48.2211074829102,47.3377227783203,45.9571304321289,43.9925994873047,41.3502960205078,38.0605010986328,34.5355606079102,31.1754837036133,27.6811981201172
36.925895690918,39.3767929077148,41.8654479980469,44.0789566040039,46.0090942382812,47.6487579345703,48.9886016845703,50.0185317993164,50.7239685058594,51.0880889892578,51.0877151489258,50.6921920776367,49.8596496582031,48.5310211181641,46.6240615844727,44.0370864868164,40.7379455566406,37.0346832275391,33.4491806030273,29.8947067260742
38.4649963378906,41.0224380493164,43.6221237182617,45.9388122558594,47.9642791748047,49.691047668457,51.1108932495117,52.2126007080078,52.9830856323242,53.4047775268555,53.4559936523438,53.1068267822266,52.3169021606445,51.030891418457,49.1687927246094,46.6274261474609,43.3357620239258,39.498664855957,35.682502746582,32.0039138793945
39.9816665649414,42.6430358886719,45.3515090942383,47.7687606811523,49.8865661621094,51.6978225708008,53.1935577392578,54.3636779785156,55.1950988769531,55.6702499389648,55.767822265625,55.4590301513672,54.7046203613281,53.4511337280273,51.6215591430664,49.1134643554688,45.8318939208984,41.8968505859375,37.8608703613281,34.0204086303711
41.4736633300781,44.2367172241211,47.0509872436523,49.5658111572266,51.7729644775391,53.6653442382812,55.2339782714844,56.4691467285156,57.3570175170898,57.8811416625977,58.0202102661133,57.7458114624023,57.0198135375977,55.7898788452148,53.9816131591797,51.4933319091797,48.2169952392578,44.2064361572266,39.9700775146484,35.9471817016602
42.9406127929688,45.802734375,48.7198104858398,51.32958984375,53.6227264404297,55.5928649902344,57.2314071655273,58.5271377563477,59.4680938720703,60.0370788574219,60.2124099731445,59.966796875,59.2624816894531,58.0478744506836,56.2504501342773,53.769645690918,50.4891967773438,46.4147109985352,41.99853515625,37.7849807739258
44.3825149536133,47.3414611816406,50.3587265014648,53.0600967407227,55.4365997314453,57.4815063476562,59.1858444213867,60.5395202636719,61.5294494628906,62.1388092041016,62.3462905883789,62.1242294311523,61.4352416992188,60.2284851074219,58.4329299926758,55.9480133056641,52.6526107788086,48.517936706543,43.9395141601562,39.5349273681641
45.8004913330078,48.8540191650391,51.9688568115234,54.7592010498047,57.2160797119141,59.332763671875,61.1006546020508,62.5085372924805,63.544075012207,64.190071105957,64.4252166748047,64.2218475341797,63.5425796508789,62.3373184204102,60.5350341796875,58.0359115600586,54.714714050293,50.5183563232422,45.7915191650391,41.2000122070312
47.1971588134766,50.3422775268555,53.5524444580078,56.4291458129883,58.9641571044922,61.1500015258789,62.9780807495117,64.4375534057617,65.5153350830078,66.1946029663086,66.4536743164062,66.2648849487305,65.5908508300781,64.381103515625,62.5649871826172,60.0423126220703,56.6859741210938,52.4230728149414,47.5571670532227,42.7854690551758
48.5736389160156,51.8092269897461,55.1121063232422,58.0736694335938,60.684196472168,62.9365844726562,64.8226089477539,66.3310546875,67.4480895996094,68.1576385498047,68.4372711181641,68.2593231201172,67.5860366821289,66.366569519043,64.5306396484375,61.9773101806641,58.5764846801758,54.2418060302734,49.2428131103516,44.2969055175781
49.9332962036133,53.2574844360352,56.6512069702148,59.6950149536133,62.3791885375977,64.6966247558594,66.6379776000977,68.1927795410156,69.3471984863281,70.0844116210938,70.3816146850586,70.2111434936523,69.5348663330078,68.3019409179688,66.4405899047852,63.8498764038086,60.3974609375,55.9850234985352,50.8559341430664,45.7421722412109
51.2776260375977,54.6889190673828,58.17236328125,61.2965469360352,64.0528717041016,66.4327392578125,68.4282989501953,70.027587890625,71.2171478271484,71.9794082641602,72.2919387817383,72.1263275146484,71.4440689086914,70.1935729980469,68.3023147583008,65.6689834594727,62.1582489013672,57.6628189086914,52.4051284790039,47.1294937133789
52.609245300293,56.1065216064453,59.6778182983398,62.8812561035156,65.7078628540039,68.1494140625,70.1969375610352,71.8392181396484,73.0620498657227,73.8478622436523,74.1738510131836,74.0104827880859,73.3196258544922,72.0481948852539,70.1240386962891,67.443229675293,63.8681945800781,59.285285949707,53.8993682861328,48.4659729003906
53.9300231933594,57.5121612548828,61.1701889038086,64.4521331787109,67.347900390625,69.8492660522461,71.9480056762695,73.6314086914062,74.8860168457031,75.6935119628906,76.0310897827148,75.8684692382812,75.1663970947266,73.8721618652344,71.9113693237305,69.1793441772461,65.5362701416016,60.8610229492188,55.3468780517578,49.7598342895508
55.2422027587891,58.9080810546875,62.6520919799805,66.0106735229492,68.974479675293,71.535285949707,73.6833724975586,75.4075241088867,76.6927871704102,77.5208435058594,77.8681411743164,77.7043991088867,76.989990234375,75.6703338623047,73.6706619262695,70.8844299316406,67.168830871582,62.3978805541992,56.7551345825195,51.0178070068359
56.5465316772461,60.2957763671875,64.1246490478516,67.5598678588867,70.5909652709961,73.209716796875,75.4067764282227,77.1701812744141,78.484977722168,79.3320999145508,79.6883697509766,79.5223846435547,78.7933959960938,77.4471969604492,75.4064025878906,72.563346862793,68.7722320556641,63.902587890625,58.1304931640625,52.2451248168945
57.8448791503906,61.6767425537109,65.5901031494141,69.1008377075195,72.1984786987305,74.8748016357422,77.1197128295898,78.9216232299805,80.2648315429688,81.1310195922852,81.4947662353516,81.3254165649414,80.5811004638672,79.2064895629883,77.1227035522461,74.2209548950195,70.3520812988281,65.3807525634766,59.4789352416992,53.447395324707
59.1379928588867,63.0524749755859,67.049201965332,70.6350784301758,73.7985153198242,76.5316619873047,78.8244247436523,80.6640930175781,82.0353393554688,82.9190979003906,83.2899475097656,83.1161117553711,82.3557205200195,80.9512023925781,78.8236770629883,75.8613662719727,71.9124908447266,66.8372344970703,60.8049468994141,54.6291046142578
60.4273681640625,64.4233474731445,68.5038146972656,72.1637115478516,75.3929443359375,78.1825408935547,80.5220336914062,82.3990859985352,83.7979965209961,84.6985778808594,85.0761566162109,84.897087097168,84.119499206543,82.684700012207,80.5119400024414,77.4875717163086,73.4568252563477,68.2765197753906,62.1130142211914,55.7939910888672
