0,0,0,0,0,0,0,0,0,0,0,0,0,0,0,0,0,0,0,0
3.15789473684211,3.15789473684211,3.15789473684211,3.15789473684211,3.15789473684211,3.15789473684211,3.15789473684211,3.15789473684211,3.15789473684211,3.15789473684211,3.15789473684211,3.15789473684211,3.15789473684211,3.15789473684211,3.15789473684211,3.15789473684211,3.15789473684211,3.15789473684211,3.15789473684211,3.15789473684211
6.31578947368421,6.31578947368421,6.31578947368421,6.31578947368421,6.31578947368421,6.31578947368421,6.31578947368421,6.31578947368421,6.31578947368421,6.31578947368421,6.31578947368421,6.31578947368421,6.31578947368421,6.31578947368421,6.31578947368421,6.31578947368421,6.31578947368421,6.31578947368421,6.31578947368421,6.31578947368421
9.47368421052632,9.47368421052632,9.47368421052632,9.47368421052632,9.47368421052632,9.47368421052632,9.47368421052632,9.47368421052632,9.47368421052632,9.47368421052632,9.47368421052632,9.47368421052632,9.47368421052632,9.47368421052632,9.47368421052632,9.47368421052632,9.47368421052632,9.47368421052632,9.47368421052632,9.47368421052632
12.6315789473684,12.6315789473684,12.6315789473684,12.6315789473684,12.6315789473684,12.6315789473684,12.6315789473684,12.6315789473684,12.6315789473684,12.6315789473684,12.6315789473684,12.6315789473684,12.6315789473684,12.6315789473684,12.6315789473684,12.6315789473684,12.6315789473684,12.6315789473684,12.6315789473684,12.6315789473684
15.7894736842105,15.7894736842105,15.7894736842105,15.7894736842105,15.7894736842105,15.7894736842105,15.7894736842105,15.7894736842105,15.7894736842105,15.7894736842105,15.7894736842105,15.7894736842105,15.7894736842105,15.7894736842105,15.7894736842105,15.7894736842105,15.7894736842105,15.7894736842105,15.7894736842105,15.7894736842105
18.9473684210526,18.9473684210526,18.9473684210526,18.9473684210526,18.9473684210526,18.9473684210526,18.9473684210526,18.9473684210526,18.9473684210526,18.9473684210526,18.9473684210526,18.9473684210526,18.9473684210526,18.9473684210526,18.9473684210526,18.9473684210526,18.9473684210526,18.9473684210526,18.9473684210526,18.9473684210526
22.1052631578947,22.1052631578947,22.1052631578947,22.1052631578947,22.1052631578947,22.1052631578947,22.1052631578947,22.1052631578947,22.1052631578947,22.1052631578947,22.1052631578947,22.1052631578947,22.1052631578947,22.1052631578947,22.1052631578947,22.1052631578947,22.1052631578947,22.1052631578947,22.1052631578947,22.1052631578947
25.2631578947368,25.2631578947368,25.2631578947368,25.2631578947368,25.2631578947368,25.2631578947368,25.2631578947368,25.2631578947368,25.2631578947368,25.2631578947368,25.2631578947368,25.2631578947368,25.2631578947368,25.2631578947368,25.2631578947368,25.2631578947368,25.2631578947368,25.2631578947368,25.2631578947368,25.2631578947368
28.4210526315789,28.4210526315789,28.4210526315789,28.4210526315789,28.4210526315789,28.4210526315789,28.4210526315789,28.4210526315789,28.4210526315789,28.4210526315789,28.4210526315789,28.4210526315789,28.4210526315789,28.4210526315789,28.4210526315789,28.4210526315789,28.4210526315789,28.4210526315789,28.4210526315789,28.4210526315789
31.5789473684211,31.5789473684211,31.5789473684211,31.5789473684211,31.5789473684211,31.5789473684211,31.5789473684211,31.5789473684211,31.5789473684211,31.5789473684211,31.5789473684211,31.5789473684211,31.5789473684211,31.5789473684211,31.5789473684211,31.5789473684211,31.5789473684211,31.5789473684211,31.5789473684211,31.5789473684211
34.7368421052632,34.7368421052632,34.7368421052632,34.7368421052632,34.7368421052632,34.7368421052632,34.7368421052632,34.7368421052632,34.7368421052632,34.7368421052632,34.7368421052632,34.7368421052632,34.7368421052632,34.7368421052632,34.7368421052632,34.7368421052632,34.7368421052632,34.7368421052632,34.7368421052632,34.7368421052632
37.8947368421053,37.8947368421053,37.8947368421053,37.8947368421053,37.8947368421053,37.8947368421053,37.8947368421053,37.8947368421053,37.8947368421053,37.8947368421053,37.8947368421053,37.8947368421053,37.8947368421053,37.8947368421053,37.8947368421053,37.8947368421053,37.8947368421053,37.8947368421053,37.8947368421053,37.8947368421053
41.0526315789474,41.0526315789474,41.0526315789474,41.0526315789474,41.0526315789474,41.0526315789474,41.0526315789474,41.0526315789474,41.0526315789474,41.0526315789474,41.0526315789474,41.0526315789474,41.0526315789474,41.0526315789474,41.0526315789474,41.0526315789474,41.0526315789474,41.0526315789474,41.0526315789474,41.0526315789474
44.2105263157895,44.2105263157895,44.2105263157895,44.2105263157895,44.2105263157895,44.2105263157895,44.2105263157895,44.2105263157895,44.2105263157895,44.2105263157895,44.2105263157895,44.2105263157895,44.2105263157895,44.2105263157895,44.2105263157895,44.2105263157895,44.2105263157895,44.2105263157895,44.2105263157895,44.2105263157895
47.3684210526316,47.3684210526316,47.3684210526316,47.3684210526316,47.3684210526316,47.3684210526316,47.3684210526316,47.3684210526316,47.3684210526316,47.3684210526316,47.3684210526316,47.3684210526316,47.3684210526316,47.3684210526316,47.3684210526316,47.3684210526316,47.3684210526316,47.3684210526316,47.3684210526316,47.3684210526316
50.5263157894737,50.5263157894737,50.5263157894737,50.5263157894737,50.5263157894737,50.5263157894737,50.5263157894737,50.5263157894737,50.5263157894737,50.5263157894737,50.5263157894737,50.5263157894737,50.5263157894737,50.5263157894737,50.5263157894737,50.5263157894737,50.5263157894737,50.5263157894737,50.5263157894737,50.5263157894737
53.6842105263158,53.6842105263158,53.6842105263158,53.6842105263158,53.6842105263158,53.6842105263158,53.6842105263158,53.6842105263158,53.6842105263158,53.6842105263158,53.6842105263158,53.6842105263158,53.6842105263158,53.6842105263158,53.6842105263158,53.6842105263158,53.6842105263158,53.6842105263158,53.6842105263158,53.6842105263158
56.8421052631579,56.8421052631579,56.8421052631579,56.8421052631579,56.8421052631579,56.8421052631579,56.8421052631579,56.8421052631579,56.8421052631579,56.8421052631579,56.8421052631579,56.8421052631579,56.8421052631579,56.8421052631579,56.8421052631579,56.8421052631579,56.8421052631579,56.8421052631579,56.8421052631579,56.8421052631579
60,60,60,60,60,60,60,60,60,60,60,60,60,60,60,60,60,60,60,60
